    #P [MeV^4]                #dens_energia [MeV^4]      T [MeV]
   63877.082227468491       -63877.077600227130        30.000000000000000     
   63877.082339525223       -63877.072139572825        31.000000000000000     
   63877.082821130753       -63877.061314661536        32.000000000000000     
   63877.083755970001       -63877.040329033873        33.000000000000000     
   63877.085674047470       -63876.999993649013        34.000000000000000     
   63877.089027166367       -63876.925787253531        35.000000000000000     
   63877.095432281494       -63876.793332132911        36.000000000000000     
   63877.106528520584       -63876.566141236719        37.000000000000000     
   63877.125995635986       -63876.184363102337        38.000000000000000     
   63877.158044338226       -63875.557213195367        39.000000000000000     
   63877.211039781570       -63874.552303580684        40.000000000000000     
   63877.295733928680       -63872.973026894862        41.000000000000000     
   63877.428220272064       -63870.549511913676        42.000000000000000     
   63877.632276296616       -63866.885663474277        43.000000000000000     
   63877.941121101379       -63861.444974603168        44.000000000000000     
   63878.399912834167       -63853.494105582613        45.000000000000000     
   63879.072000265121       -63842.046232171226        46.000000000000000     
   63880.042310476303       -63825.791926702215        47.000000000000000     
   63881.423693656921       -63803.012413048695        48.000000000000000     
   63883.366143465042       -63771.478555800873        49.000000000000000     
   63886.064715862274       -63728.319239844401        50.000000000000000     
   63889.771043777466       -63669.894311503951        51.000000000000000     
   63894.808007717133       -63591.604195335072        52.000000000000000     
   63901.585450649261       -63487.700049184816        53.000000000000000     
   63910.618052482605       -63351.044409623915        54.000000000000000     
   63922.548471212387       -63172.857976156578        55.000000000000000     
   63938.173147201538       -62942.396156989089        56.000000000000000     
   63958.472171545029       -62646.608312523211        57.000000000000000     
   63984.642721176147       -62269.737626913215        58.000000000000000     
   64018.138548612595       -61792.864864586678        59.000000000000000     
   64060.715728521347       -61193.410120803994        60.000000000000000     
   64114.482280731201       -60444.552622463714        61.000000000000000     
   64181.954866647720       -59514.596004756037        62.000000000000000     
   64266.125361680984       -58366.256179672600        63.000000000000000     
   64370.530508995056       -56955.862234474502        64.000000000000000     
   64499.335227966309       -55232.481495368003        65.000000000000000     
   64657.420747995377       -53136.942628219789        66.000000000000000     
   64850.487073898315       -50600.758807683225        67.000000000000000     
   65085.161736726761       -47544.937911715730        68.000000000000000     
   65369.124063014984       -43878.682642371896        69.000000000000000     
   65711.241212368011       -39497.954007558656        70.000000000000000     
   66121.715010166168       -34283.896488889062        71.000000000000000     
   66612.249623537064       -28101.116831795283        72.000000000000000     
   67196.228979825974       -20795.812088216757        73.000000000000000     
   67888.914834022522       -12193.700130519777        74.000000000000000     
   68707.661562681198       -2097.7895241480146        75.000000000000000     
   69672.152182579041        9714.0714322956628        76.000000000000000     
   70804.653000831604        23491.858247249285        77.000000000000000     
   72130.295794248581        39516.245982068795        78.000000000000000     
   73677.377156257629        58101.789162104455        79.000000000000000     
   75477.692687511444        79600.311959790968        80.000000000000000     
   77566.890630960464        104404.64755427811        81.000000000000000     
   79984.862312793732        132952.68136019155        82.000000000000000     
   82776.161652565002        165731.69883374040        83.000000000000000     
   85990.461913108826        203283.19087274693        84.000000000000000     
   89683.044814586639        246208.00552858610        85.000000000000000     
   93915.336373090744        295171.93334952061        86.000000000000000     
   98755.481505870819        350911.83792795497        87.000000000000000     
   104278.96761345863        414242.24207833933        88.000000000000000     
   110569.29483175278        486062.52375972737        89.000000000000000     
   117718.70483255386        567364.73810878920        90.000000000000000     
   125828.96388626099        659242.01611228171        91.000000000000000     
   135012.20953893661        762897.92756198952        92.000000000000000     
   145391.86841368675        879656.45180975331        93.000000000000000     
   157103.64339637756        1010972.9092875372        94.000000000000000     
   170296.57962608337        1158445.9181150170        95.000000000000000     
   185134.22240781784        1323830.3871885340        96.000000000000000     
   201795.86167192459        1509051.7256069446        97.000000000000000     
   220477.88360047340        1716221.3702260414        98.000000000000000     
   241395.22960424423        1947653.7798780324        99.000000000000000     
   264782.97785806656        2205885.0529587716        100.00000000000000     
   290898.05454826355        2493693.3542538630        101.00000000000000     
   320021.09263467789        2814121.3532180446        102.00000000000000     
   352458.44527339935        3170500.9112852453        103.00000000000000     
   388544.37358570099        3566480.2816963191        104.00000000000000     
   428643.42732930183        4006054.1298174653        105.00000000000000     
   473153.03138399124        4493596.7177847298        106.00000000000000     
   522506.30882811546        5033898.6581167253        107.00000000000000     
   577175.15578007698        5632207.6926127132        108.00000000000000     
   637673.60296440125        6294274.0264443168        109.00000000000000     
   704561.49506807327        7026400.8314636527        110.00000000000000     
   778448.51772952080        7835500.6314634420        111.00000000000000     
   859998.61605548859        8729158.3929969594        112.00000000000000     
   949934.85761952400        9715702.2926617060        113.00000000000000     
   1049044.7847135067        10804283.289812097        114.00000000000000     
   1158186.3152253628        12004964.841129061        115.00000000000000     
   1278294.2781281471        13328824.327145560        116.00000000000000     
   1410387.6442892551        14788068.059135480        117.00000000000000     
   1555577.5667972565        16396162.083631590        118.00000000000000     
   1715076.3290340900        18167981.451017428        119.00000000000000     
   1890207.3361334801        20119981.132426955        120.00000000000000     
   2082416.2987878323        22270392.455571610        121.00000000000000     
   2293283.7953698635        24639449.752708785        122.00000000000000     
   2524539.4199993610        27249652.868406530        123.00000000000000     
   2778077.7739815712        30126072.762041721        124.00000000000000     
   3055976.6079146862        33296708.642967261        125.00000000000000     
   3360517.4797685146        36792907.654768020        126.00000000000000     
   3694209.3841006756        40649860.602077447        127.00000000000000     
   4059815.8866672516        44907190.879353754        128.00000000000000     
   4460386.4508147240        49609658.425835423        129.00000000000000     
   4899292.7788770199        54808006.730516940        130.00000000000000     
   5380271.2132837772        60559989.240775265        131.00000000000000     
   5907472.5091471672        66931622.733777836        132.00000000000000     
   6485520.6431641579        73998730.622746527        133.00000000000000     
   7119582.7984387875        81848860.492960542        134.00000000000000     
   7815453.3131647110        90583690.152326867        135.00000000000000     
   8579655.2274656296        100322079.31043971        136.00000000000000     
   9419564.3047375679        111203986.07739678        137.00000000000000     
   10343562.071397305        123395559.21107899        138.00000000000000     
   11361226.874650955        137095855.18111488        139.00000000000000     
   12483575.489729643        152545841.78148830        140.00000000000000     
   13723373.113662481        170040685.32644820        141.00000000000000     
   15095537.647230387        189946861.58566990        142.00000000000000     
   16617676.834900379        212726537.15646380        143.00000000000000     
   18310817.263015747        238973233.26853099        144.00000000000000     
   20200418.381453276        269465592.74303788        145.00000000000000     
   22317824.058945656        305251336.06113583        146.00000000000000     
   24702412.029358387        347783870.20078856        147.00000000000000     
   27404907.969765186        399155671.77198851        148.00000000000000     
   30492750.468600512        462520812.25874096        149.00000000000000     
   34059305.893368959        542914290.33996546        150.00000000000000     
   38240868.840180397        648970017.93101847        151.00000000000000     
   43250676.468033791        796794757.76474559        152.00000000000000     
   49451321.241973400        1018492453.1169769        153.00000000000000     
   57488477.936565161        1368772469.6729355        154.00000000000000     
   68277070.787849426        1854990543.2344975        155.00000000000000     #ACÁ ESTÁ LA TRANSICIÓN
   82338023.469281673        2363559119.8899426        156.00000000000000     
   99535834.170819044        2830931394.1185369        157.00000000000000     
   119575222.23349524        3257214599.9374256        158.00000000000000     
   142207541.62919068        3651660659.8818846        159.00000000000000     
   167240736.65693617        4021686778.6122241        160.00000000000000     
   194525067.73509908        4372774611.7359304        161.00000000000000     
   223942638.47924638        4709192655.3126574        162.00000000000000     
   255400797.60450482        5034426620.1895866        163.00000000000000     
   288827570.14213967        5351381471.1768789        164.00000000000000     
   324168069.81725454        5662480839.3394394        165.00000000000000     
   361381535.91587830        5969732998.8685627        166.00000000000000     
   400438466.44057941        6274789789.2822971        167.00000000000000     
   441319022.50019860        6579002496.9283791        168.00000000000000     
   484010659.32783222        6883475163.7500267        169.00000000000000     
   528506950.57575893        7189111114.2604246        170.00000000000000     
   574806374.89872503        7496652773.8980083        171.00000000000000     
   622911380.27647114        7806714406.9762058        172.00000000000000     
   672827650.86764050        8119808479.4244604        173.00000000000000     
   724563525.17684889        8436366586.4877186        174.00000000000000     
   778129532.87607908        8756755955.8743954        175.00000000000000     
   833538035.22908449        9081292374.7823620        176.00000000000000     
   890802920.50129223        9410250364.4813881        177.00000000000000     
   949939375.61076117        9743871133.7660599        178.00000000000000     
   1010963693.5646892        10082368857.245541        179.00000000000000     
   1073893118.2529197        10425935634.536261        180.00000000000000     
   1138745717.2847128        10774745428.093811        181.00000000000000     
   1205540277.1251698        11128957206.182205        182.00000000000000     
   1274296216.0213070        11488717465.273624        183.00000000000000     
   1345033511.2449985        11854162266.066631        184.00000000000000     
   1417752205.1812029        12225439319.367115        185.00000000000000     
   1492534517.0888910        12602607172.873161        186.00000000000000     
   1569340471.9524951        12985840647.917778        187.00000000000000     
   1648212189.8115339        13375227430.582886        188.00000000000000     
   1729171689.7528377        13770870995.342958        189.00000000000000     
   1812241294.5364933        14172870822.165831        190.00000000000000     
   1897443606.1795583        14581322918.774895        191.00000000000000     
   1984801484.6622305        14996320287.251259        192.00000000000000     
   2074338029.2627859        15417953310.658421        193.00000000000000     
   2166076562.1569495        15846310086.221991        194.00000000000000     
   2260040613.9377980        16281476713.299831        195.00000000000000     
   2356253910.8263078        16723537816.598711        196.00000000000000     
   2454740363.3227935        17172575397.912390        197.00000000000000     
   2555524056.1300378        17628671760.826866        198.00000000000000     
   2658629239.1944261        18091906947.000515        199.00000000000000     
   2764080319.7283378        18562360253.045967        200.00000000000000     
   2871901855.0907884        19040110091.262028        201.00000000000000     
   2982118546.4663558        19525234110.241196        202.00000000000000     
   3094755233.2035499        20017809303.159138        203.00000000000000     
   3209836889.6161542        20517912104.168655        204.00000000000000     
   3327388613.2560105        21025618484.839931        205.00000000000000     
   3447435631.8278499        21541004024.615692        206.00000000000000     
   3570003292.4321866        22064143992.470966        207.00000000000000     
   3695117060.2631707        22595113413.379795        208.00000000000000     
   3822802515.9107947        23133987131.111778        209.00000000000000     
   3953085352.9559293        23680839866.122665        210.00000000000000     
   4085991375.9012637        24235746269.018547        211.00000000000000     
   4221546498.3937163        24798780969.990376        212.00000000000000     
   4359776741.6829357        25370018624.589516        213.00000000000000     
   4500708233.3229713        25949533956.131275        214.00000000000000     
   4644367206.0977745        26537401795.017612        215.00000000000000     
   4790779997.1345291        27133697115.113945        216.00000000000000     
   4939973047.2001781        27738495067.613914        217.00000000000000     
   5091972900.1529942        28351871012.268158        218.00000000000000     
   5246806202.5528545        28973900546.368256        219.00000000000000     
   5404499703.3961258        29604659531.535706        220.00000000000000     
   5565080253.9861641        30244224118.469158        221.00000000000000     
   5728574807.8912125        30892670769.765518        222.00000000000000     
   5895010421.0264339        31550076280.933144        223.00000000000000     
   6064414251.8124638        32216517799.689644        224.00000000000000     
   6236813561.4081326        32892072843.652184        225.00000000000000     
   6412235714.0290127        33576819316.504913        226.00000000000000     
   6590708177.3177795        34270835522.728996        227.00000000000000     
   6772258522.7663651        34974200180.977867        228.00000000000000     
   6956914426.2079468        35686992436.173431        229.00000000000000     
   7144703668.3184071        36409291870.400589        230.00000000000000     
   7335654135.1840897        37141178512.664970        231.00000000000000     
   7529793818.8822327        37882732847.584282        232.00000000000000     
   7727150818.0882301        38634035823.079987        233.00000000000000     
   7927753338.7119160        39395168857.127380        234.00000000000000     
   8131629694.5409546        40166213843.627502        235.00000000000000     
   8338808307.8977089        40947253157.452927        236.00000000000000     
   8549317710.3116493        41738369658.734024        237.00000000000000     
   8763186543.1950359        42539646696.425171        238.00000000000000     
   8980443558.5053616        43351168111.190987        239.00000000000000     
   9201117619.4307652        44173018237.722427        240.00000000000000     
   9425237701.0612907        45005281906.434006        241.00000000000000     
   9652832891.0528851        45848044444.662743        242.00000000000000     
   9883932390.2835846        46701391677.378815        243.00000000000000     
   10118565513.514448        47565409927.451218        244.00000000000000     
   10356761690.020920        48440186015.514984        245.00000000000000     
   10598550464.217432        49325807259.462166        246.00000000000000     
   10843961496.293501        50222361473.604568        247.00000000000000     
   11093024562.788906        51129936967.533707        248.00000000000000     
   11345769557.197878        52048622544.708069        249.00000000000000     
   11602226490.535374        52978507500.798431        250.00000000000000     
   11862425491.892702        53919681621.819702        251.00000000000000     
   12126396808.971037        54872235182.070328        252.00000000000000     
   12394170808.610458        55836258941.903763        253.00000000000000     
   12665777977.290276        56811844145.361076        254.00000000000000     
   12941248921.609632        57799082517.673813        255.00000000000000     
   13220614367.335583        58798066264.097153        256.00000000000000     
   13503905165.512527        59808888061.556366        257.00000000000000     
   13791152284.490259        60831641064.293999        258.00000000000000     
   14082386815.886209        61866418895.515495        259.00000000000000     
   14377639973.605909        62913315645.906845        260.00000000000000     
   14676943095.974216        63972425869.001190        261.00000000000000     
   14980327639.188091        65043844585.190460        262.00000000000000     
   15287825187.938076        66127667268.539673        263.00000000000000     
   15599467448.950180        67223989850.669220        264.00000000000000     
   15915286252.984009        68332908716.175903        265.00000000000000     
   16235313555.128956        69454520699.757797        266.00000000000000     
   16559581435.098911        70588923083.359573        267.00000000000000     
   16888122097.489117        71736213593.355988        268.00000000000000     
   17220967872.045059        72896490397.768814        269.00000000000000     
   17558151213.883820        74069852103.528793        270.00000000000000     
   17899704703.745331        75256397753.781113        271.00000000000000     
   18245661048.187981        76456226825.245667        272.00000000000000     
   18596053079.799896        77669439225.626694        273.00000000000000     
   18950913757.381672        78896135291.081573        274.00000000000000     
   19310276166.131172        80136415783.746246        275.00000000000000     
   19674173517.802006        81390381889.321869        276.00000000000000     
   20042639150.863663        82658135214.722946        277.00000000000000     
   20415706530.642159        83939777785.788818        278.00000000000000     
   20793409249.455723        85235412043.379822        279.00000000000000     
   21175781026.736534        86545140847.980408        280.00000000000000     
   21562855709.153606        87869067467.370895        281.00000000000000     
   21954667270.701317        89207295581.471771        282.00000000000000     
   22351249812.819855        90559929278.876694        283.00000000000000     
   22752637564.463448        91927073054.000702        284.00000000000000     
   23158864882.194622        93308831806.675262        285.00000000000000     
   23569966250.250771        94705310839.400116        286.00000000000000     
   23985976280.614807        96116615855.867004        287.00000000000000     
   24406929713.071732        97542852959.308838        288.00000000000000     
   24832861415.262955        98984128651.888504        289.00000000000000     
   25263806382.738037        100440549829.16518        290.00000000000000     
   25699799738.985939        101912223780.80460        291.00000000000000     
   26140876735.482292        103399258200.68744        292.00000000000000     
   26587072751.704102        104901761162.90096        293.00000000000000     
   27038423295.175446        106419841136.37575        294.00000000000000     
   27494964001.472961        107953606979.58923        295.00000000000000     
   27956730634.241482        109503167939.34665        296.00000000000000     
   28423759085.223289        111068633649.62354        297.00000000000000     
   28896085374.237991        112650114130.44484        298.00000000000000     
   29373745649.218327        114247719786.54132        299.00000000000000     
   29856776186.184067        115861561407.43483        300.00000000000000     
   30345213389.249832        117491750167.18092        301.00000000000000     
   30839093790.625515        119138397614.80624        302.00000000000000     
   31338454050.597229        120801615688.17081        303.00000000000000     
   31843330957.518341        122481516702.18726        304.00000000000000     
   32353761427.800598        124178213351.92343        305.00000000000000     
   32869782505.888313        125891818710.87842        306.00000000000000     
   33391431364.248619        127622446230.47256        307.00000000000000     
   33918745303.342598        129370209738.74597        308.00000000000000     
   34451761751.608223        131135223442.04309        309.00000000000000     
   34990518265.429260        132917601920.76700        310.00000000000000     
   35535052529.115677        134717460131.67992        311.00000000000000     
   36085402354.865540        136534913404.69601        312.00000000000000     
   36641605682.748993        138370077445.36166        313.00000000000000     
   37203700580.662407        140223068332.26291        314.00000000000000     
   37771725244.307121        142094002517.03400        315.00000000000000     
   38345717997.151070        143982996823.87341        316.00000000000000     
   38925717290.388351        145890168449.08081        317.00000000000000     
   39511761702.915863        147815634960.62082        318.00000000000000     
   40103889941.289185        149759514297.70255        319.00000000000000     
   40702140839.686493        151721924770.38385        320.00000000000000     
   41306553359.865936        153702985059.19818        321.00000000000000     
   41917166591.137016        155702814214.79324        322.00000000000000     
   42534019750.314751        157721531657.59476        323.00000000000000     
   43157152181.677887        159759257177.48495        324.00000000000000     
   43786603356.927788        161816110933.49896        325.00000000000000     
   44422412875.156593        163892213453.53461        326.00000000000000     
   45064620462.799156        165987685634.08118        327.00000000000000     
   45713265973.589554        168102648739.95947        328.00000000000000     
   46368389388.525444        170237224404.07919        329.00000000000000     
   47030030815.819580        172391534627.20593        330.00000000000000     
   47698230490.865234        174565701777.74405        331.00000000000000     
   48373028776.186157        176759848591.53027        332.00000000000000     
   49054466161.401039        178974098171.63733        333.00000000000000     
   49742583263.170204        181208573988.19360        334.00000000000000     
   50437420825.172966        183463399878.20471        335.00000000000000     
   51139019718.042274        185738700045.39526        336.00000000000000     
   51847420939.337234        188034599060.05182        337.00000000000000     
   52562665613.498779        190351221858.87820        338.00000000000000     
   53284794991.799789        192688693744.85950        339.00000000000000     
   54013850452.312286        195047140387.13620        340.00000000000000     
   54749873499.858849        197426687820.87839        341.00000000000000     
   55492905765.975189        199827462447.17691        342.00000000000000     
   56242989008.866074        202249591032.93567        343.00000000000000     
   57000165113.362808        204693200710.77130        344.00000000000000     
   57764476090.882927        207158418978.92078        345.00000000000000     
   58535964079.393967        209645373701.15149        346.00000000000000     
   59314671343.362701        212154193106.68140        347.00000000000000     
   60100640270.585716        214685005793.23453        348.00000000000000     
   60893913384.688347        217237940714.43518        349.00000000000000     
   61694533326.276627        219813127198.54248        350.00000000000000     
   62502542865.437469        222410694935.84897        351.00000000000000     
   63317984898.549843        225030773981.76187        352.00000000000000     
   64140902448.272339        227673494756.74255        353.00000000000000     
   64971338663.480316        230338988046.25845        354.00000000000000     
   65809336819.235550        233027385000.73041        355.00000000000000     
   66654940316.754929        235738817135.49255        356.00000000000000     
   67508192683.363342        238473416330.74799        357.00000000000000     
   68369137572.454300        241231314831.52771        358.00000000000000     
   69237818763.455002        244012645247.65546        359.00000000000000     
   70114280161.802444        246817540553.71387        360.00000000000000     
   70998565798.886337        249646134089.00684        361.00000000000000     
   71890719832.019470        252498559557.53613        362.00000000000000     
   72790786544.411972        255374951027.96338        363.00000000000000     
   73698810345.117355        258275442933.59045        364.00000000000000     
   74614835769.010727        261200170072.32886        365.00000000000000     
   75538907476.754608        264149267606.67673        366.00000000000000     
   76471070254.746124        267122871063.69113        367.00000000000000     
   77411369008.680725        270121116341.39441        368.00000000000000     
   78359848789.202271        273144139683.05042        369.00000000000000     
   79316554753.325531        276192077715.68860        370.00000000000000     
   80281532190.101822        279265067424.39099        371.00000000000000     
   81254826514.156738        282363246158.68695        372.00000000000000     
   82236483265.666245        285486751632.54053        373.00000000000000     
   83226548110.312927        288635721924.32214        374.00000000000000     
   84225066839.257065        291810295476.79443        375.00000000000000     
   85232085369.107300        295010611097.08655        376.00000000000000     
   86247649741.893219        298236807956.67407        377.00000000000000     
   87271806125.020355        301489025591.48596        378.00000000000000     
   88304600811.248352        304767403901.36737        379.00000000000000     
   89346080218.662521        308072083150.83124        380.00000000000000     
   90396290890.636993        311403203968.78174        381.00000000000000     
   91455279495.799301        314760907347.55103        382.00000000000000     
   92523092828.012268        318145334644.48499        383.00000000000000     
   93599777806.336502        321556627580.83441        384.00000000000000     
   94685381475.002625        324994928242.00403        385.00000000000000     
   95779951003.392380        328460379077.51703        386.00000000000000     
   96883533685.970383        331953122900.98950        387.00000000000000     
   97996176942.314224        335473302890.09381        388.00000000000000     
   99117928317.038681        339021062586.52881        389.00000000000000     
   100248835479.78412        342596545895.98059        390.00000000000000     
   101388946225.18768        346199897088.08960        391.00000000000000     
   102538308472.85350        349831260796.40607        392.00000000000000     
   103696970267.33223        353490782018.35748        393.00000000000000     
   104864979778.07147        357178606115.19641        394.00000000000000     
   106042385299.41649        360894878811.96002        395.00000000000000     
   107229235250.56931        364639746197.42249        396.00000000000000     
   108425578175.54176        368413354724.04590        397.00000000000000     
   109631462743.17213        372215851207.92584        398.00000000000000     
   110846937747.05545        376047382828.74048        399.00000000000000     
   112072052105.54172        379908097129.68860        400.00000000000000     
   113306854861.70499        383798142017.43530        401.00000000000000     
   114551395183.30173        387717665762.04553        402.00000000000000     
   115805722362.77153        391666816996.92114        403.00000000000000     
   117069885817.17390        395645744718.73279        404.00000000000000     
   118343935088.20349        399654598287.34857        405.00000000000000     
   119627919842.12994        403693527425.75818        406.00000000000000     
   120921889869.79016        407762682219.99884        407.00000000000000     
   122225895086.54576        411862213119.07422        408.00000000000000     
   123539985532.29007        415992270934.87012        409.00000000000000     
   124864211371.37129        420153006842.06714        410.00000000000000     
   126198622892.61728        424344572378.05176        411.00000000000000     
   127543270509.27696        428567119442.82251        412.00000000000000     
   128898204759.00035        432820800298.89233        413.00000000000000     
   130263476303.82796        437105767571.18524        414.00000000000000     
   131639135930.14049        441422174246.93799        415.00000000000000     
   133025234548.64870        445770173675.58521        416.00000000000000     
   134421823194.37321        450149919568.65118        417.00000000000000     
   135828953026.59196        454561565999.62909        418.00000000000000     
   137246675328.85075        459005267403.86981        419.00000000000000     
   138675041508.91040        463481178578.44775        420.00000000000000     
   140114103098.71054        467989454682.03809        421.00000000000000     
   141563911754.39572        472530251234.78418        422.00000000000000     
   143024519256.21722        477103724118.15802        423.00000000000000     
   144495977508.56616        481710029574.82263        424.00000000000000     
   145978338539.91882        486349324208.48499        425.00000000000000     
   147471654502.82962        491021764983.74487        426.00000000000000     
   148975977673.85443        495727509225.94330        427.00000000000000     
   150491360453.59000        500466714620.99963        428.00000000000000     
   152017855366.60583        505239539215.25366        429.00000000000000     
   153555515061.43420        510046141415.29602        430.00000000000000     
   155104392310.52930        514886679987.77966        431.00000000000000     
   156664540010.24567        519761314059.27643        432.00000000000000     
   158236011180.82596        524670203116.04553        433.00000000000000     
   159818858966.34888        529613507003.89343        434.00000000000000     
   161413136634.71057        534591385927.95618        435.00000000000000     
   163018897577.60010        539604000452.50195        436.00000000000000     
   164636195310.47290        544651511500.73413        437.00000000000000     
   166265083497.13367        549734080329.94446        438.00000000000000     
   167905615850.61075        554851868630.45032        439.00000000000000     
   169557846282.72815        560005038375.72168        440.00000000000000     
   171221828803.67377        565193751922.55981        441.00000000000000     
   172897617525.09344        570418172007.78711        442.00000000000000     
   174585266749.41974        575678461658.63916        443.00000000000000     
   176284830834.79669        580974784327.50537        444.00000000000000     
   177996364285.74689        586307303801.09033        445.00000000000000     
   179719921730.27274        591676184222.95605        446.00000000000000     
   181455557919.82663        597081590093.26855        447.00000000000000     
   183203327729.33704        602523686268.53235        448.00000000000000     
   184963286157.08466        608002637961.31860        449.00000000000000     
   186735488324.76718        613518610739.99097        450.00000000000000     
   188519989477.36896        619071770528.42505        451.00000000000000     
   190316844983.25476        624662283605.71936        452.00000000000000     
   192126088193.31683        630290338746.59082        453.00000000000000     
   193947819003.49823        635956058658.56689        454.00000000000000     
   195782071011.46198        641659632825.05396        455.00000000000000     
   197628900078.38916        647401228943.04224        456.00000000000000     
   199488362188.64822        653181015063.21497        457.00000000000000     
   201360513449.71375        658999159589.60852        458.00000000000000     
   203245410092.10538        664855831279.30261        459.00000000000000     
   205143130611.79526        670751177099.67725        460.00000000000000     
   207053687200.76840        676685410797.41553        461.00000000000000     
   208977158600.72903        682658680044.48132        462.00000000000000     
   210913601534.13019        688671155006.64087        463.00000000000000     
   212863072846.29089        694723006200.94043        464.00000000000000     
   214825629505.40421        700814404495.33069        465.00000000000000     
   216801328602.46686        706945521108.29297        466.00000000000000     
   218790227351.23929        713116527608.45203        467.00000000000000     
   220792383088.23932        719327595914.18604        468.00000000000000     
   222807853272.62247        725578898293.22729        469.00000000000000     
   224836695486.27560        731870607362.25598        470.00000000000000     
   226878967433.61700        738202896086.49194        471.00000000000000     
   228934726941.69315        744575937779.27026        472.00000000000000     
   231004031960.02844        750989906101.61841        473.00000000000000     
   233086940560.71289        757444975061.81995        474.00000000000000     
   235183510938.19678        763941319014.97729        475.00000000000000     
   237293801409.35822        770479112662.56250        476.00000000000000     
   239417870413.42010        777058531051.96045        477.00000000000000     
   241555776511.95038        783679749576.00977        478.00000000000000     
   243707578388.73380        790342943972.53064        479.00000000000000     
   245873334849.81711        797048290323.84985        480.00000000000000     
   248053104823.37225        803795965056.31543        481.00000000000000     
   250246947359.76678        810586144939.80566        482.00000000000000     
   252454921631.33011        817419007087.22937        483.00000000000000     
   254677086932.56720        824294728954.02002        484.00000000000000     
   256913502679.79440        831213488337.62036        485.00000000000000     
   259164228411.41418        838175463376.96423        486.00000000000000     
   261429323787.61298        845180832551.94165        487.00000000000000     
   263708848590.42783        852229774682.86804        488.00000000000000     
   266002862723.69812        859322468929.93567        489.00000000000000     
   268311426212.91446        866459094792.66248        490.00000000000000     
   270634599205.30878        873639832109.33374        491.00000000000000     
   272972441969.68683        880864861056.43384        492.00000000000000     
   275325014896.43524        888134362148.06909        493.00000000000000     
   277692378497.45667        895448516235.38708        494.00000000000000     
   280074593406.05420        902807504505.98462        495.00000000000000     
   282471720376.97705        910211508483.30859        496.00000000000000     
   284883820286.28815        917660710026.05225        497.00000000000000     
   287310954131.26984        925155291327.53589        498.00000000000000     
   289753183030.55664        932695434915.08667        499.00000000000000     
   292210568223.83569        940281323649.41235        500.00000000000000     
